%YAML:1.0
---
irToVisibleHomography: !!opencv-matrix
   rows: 3
   cols: 3
   dt: f
   data: [ 9.53402221e-01, 1.30548133e-02, 1.18121864e+02,
       6.27692742e-03, 9.68398213e-01, 1.33468227e+01, 6.11938458e-06,
       -7.33016859e-05, 1. ]
visibleToIRHomography: !!opencv-matrix
   rows: 3
   cols: 3
   dt: f
   data: [ 1.05132794e+00, -2.37859301e-02, -1.23988609e+02,
       -6.26860559e-03, 1.03247654e+00, -1.31507473e+01, -4.90701996e-06,
       7.50094841e-05, 1. ]
