%YAML:1.0
---
irToVisibleHomography: !!opencv-matrix
   rows: 3
   cols: 3
   dt: d
   data: [ 9.5598606532521713e-01, -6.3553347816281039e-02,
       4.7427899714605978e+01, 2.9391749139588121e-02,
       9.6143502078734178e-01, 9.7914022110987311e+00,
       -6.6891101104765395e-05, -3.6724247732414406e-05, 1. ]
visibleToIRHomography: !!opencv-matrix
   rows: 3
   cols: 3
   dt: d
   data: [ 1.0443133957415967e+00, 6.7149387164843130e-02,
       -5.0189952919128345e+01, -3.2633643560815898e-02,
       1.0415005132516884e+00, -8.6549132676242593e+00,
       6.8638135001038983e-05, 4.2849553620590319e-05, 1. ]
