%YAML:1.0
---
irToVisibleHomography: !!opencv-matrix
   rows: 3
   cols: 3
   dt: d
   data: [ 1.0195564134587591e+00, -1.6443995544399664e-02,
       -1.1294359998720637e+02, 1.9544328891097917e-02,
       1.0145927923736122e+00, 8.9230975428458859e+00,
       3.3042293953591096e-05, 3.4379227671544826e-06, 1. ]
visibleToIRHomography: !!opencv-matrix
   rows: 3
   cols: 3
   dt: d
   data: [ 9.8046940210774558e-01, 1.5508692065001701e-02,
       1.1060381239366053e+02, -1.8607839176604191e-02,
       9.8890399750775626e-01, -1.0922579419476175e+01,
       -3.2347699688587594e-05, -3.9299648911249732e-06, 1. ]
