%YAML:1.0
---
irToVisibleHomography: !!opencv-matrix
   rows: 3
   cols: 3
   dt: d
   data: [ 9.0224501804180079e-01, -8.8073912998588022e-02,
       6.5929559392139154e+01, 1.5730359401423439e-02,
       9.0766372933362272e-01, 2.4836572463805080e+01,
       -1.0538040006567374e-04, -1.1973607008555634e-04, 1. ]
visibleToIRHomography: !!opencv-matrix
   rows: 3
   cols: 3
   dt: d
   data: [ 1.1101999722029678e+00, 9.7686138304432235e-02,
       -7.5622446797758087e+01, -2.2309181174448009e-02,
       1.1083296932720437e+00, -2.6060006451479051e+01,
       1.1456889340082923e-04, 1.4282986456294516e-04, 1. ]
