%YAML:1.0
---
infraredToVisibleHomography: !!opencv-matrix
   rows: 3
   cols: 3
   dt: d
   data: [ 1.0505066666177618e+00, 5.1455390247294487e-02,
       -1.0073730450869614e+02, -4.1920766343695882e-02,
       1.0039417087690576e+00, 6.7241539986080582e+01,
       9.9384885506050480e-05, -5.8339544000944231e-05, 1. ]
visibleToInfraredHomography: !!opencv-matrix
   rows: 3
   cols: 3
   dt: d
   data: [ 9.5371122658995933e-01, -4.3158081869333113e-02,
       9.8976199447402806e+01, 4.6020018244747163e-02,
       1.0035036315314907e+00, -6.2849490047193491e+01,
       -9.2017177955216559e-05, 6.2761350749849051e-05, 1. ]
